
                                                                      1111111111111111
              11111                                                   2222222222222222
              1   1                                                   2222222222222222
              11111           2222222                                 2222222222222222
              1  1                                                    2222222222222222                    5     
   1111111    1  11                                      11111        2222222222222222                   56             
              1   1                                         1         2222222222222222                  562       
                              5     3                       1         2222222222222222                 5622        
                             56     43                      1         2222222222222222                56222         
                            562     243                1    1         2222222222222222               562222          
 8                         5622     2243           1   2    1                                       5622222           
1111111111111111111111111111111     11111111111111111111111111111111111111111111111111111111111111111111111111111111111171
2222222222222222222222222222222     22222222222222222222222222222222222222222222222222222222222222222222222222222222222222
